000001    62   150   210   712
000002    25   717
000003    62   210   712
000004     4    12    22    62   612   702   712   714
000005    14    44
000006     4     5    12   612   706   707
000007    19   619   711
000008     3   300   400   706   707
000009    27    71    72   715
000010     4     6   702   714   800
000011    20
000012    24    30   708   714
000013     0
000014   708   716
000015    12    13    16    18    90   101   102   612   616   690   701   703   704   705   711   715
000016    29
000017    29
000018    24    75   708
000019    16   616   703   705
000020    16   616   708   716
000021     0
000022    16   616   703   705
000023    13    32   701   704
000024    13    73   716
000025    16   616   703   705
000026     0
000027    13   708   715
000028     3     5     6   300   400   706   707
000029    12    42   612   642   702   711
000030    30   155
000031    13    24   704   716
000032    12    13    73   612   704   716
000033     5     6   701   715
000034     4     5   706   707
000035    17    71   715
000036    13    24   704   716
000037    16   616   702   714
000038     0
000039   702   705
000040    24    75   716   900
000041    62    63   210   712
000042     5     6   701   715
000043    17    27    63    71    72   708   715
000044    14
000045    24   716
000046    11    13    90   150   611   690   716
000047     0
000049    16    19    22    25    50   250   616   619   702   714   717
000050     0
000051     0
000052    18   701   715
000053    14    44
000054    30   155   708   714
000055     5     6   715
000056     2   302   801   802
000057    12   612
000058     0
000059     3   300   400   701   704
000060    75   708   716
000061    11    19    22   611   619   703   711
000062    24   716
000063     0
000064    16   616   702   714
000065    17    71
000066    25   250   717
000067    25   717
000068    16   616   702   714
000069     0
000070     3   300   400   701   704
000071    16    75   616
000072    16   616   702   705   714
000073    29
000074    29
000075     1     2     3     5     6   300   302   400   800   801   803   804   806
000076     3   300   400   701   704
000077    13    24   704   716
000078    55
000079    12    42    62    72   210   612   642   702   712   714
000080    19   619   704
000081     0
000082     0
000083    27    63    72   158   714
000084    19    22   619   708
000085     2    20   302   703   705   712   800
000086     2   302   305   708   716
000087   708   716
000088     1     5    11    20   150   611   706   707   711   801   806
000089    44
000090    16   616   702   714
000091     0
000092    25    50   250   717
000093    62    63   210   712
000094    62    63   210   712
000095     3     5     6   300   400   706   707
000096    13
000097     1     6   706   707   801   803
000098    17    71   715
000099    24    75   708
000100    17    71   159   715
000101    12    42   612   642   702   714
000102    25    50   250   717
000103    62   210   712
000104    62   210   712
000105    62
000106    62   210   712
000107     0
000108    13
000109     3     5     6    29    55   300   400   706   707   715
000110    12    42   642   702   714
000111     0
000112    19    22    42   619   642   703   711
000113   159   715
000114    13    18    90   690   708   713   715
000115    13   704
000116    13    32   701   704
000117    13    32   701   704
000118    25
000119    55
000120    55   154
000121     3     5     6   150   300   400   706   707
000122    12   102   612
000123     2    19    22    42   302   619   642   703   711
000124    14   714
000125    27   902
000126    13    32   701   704
000127    24
000128    24
000129    24
000130     3     5     6    12    13    19    25    50    90   250   300   400   612   619   690   706   707
000131    13    74   160
000132    11    22   157   611   703   711
000133    13   704   716
000134    13    24   704   716
000135    13
000136    12    13    73   612   704
000137     3     5     6    11    12    13    16    18    20    62    90   101   102   150   300   400   611   612   616   690   701   703   706   707   716   717
000138    11   611
000139     0
000140    16   616   708   716
000141    18   701   715
000142     0
000143    62   210   712
000144    62   210   712
000145    55   154   704   716
000146     4     5   706   707
000147     1     2     6   302   305   706   707
000148    12   612
000149     3    16    19    22   300   400   616   619   701   704
000150    19    20    42   619   642   703   711
000151    20   711
000152    18   701   703   704   705   715
000153     3   300   400   701   704
000154    24
000155    24
000156    22
000157     3     7   300   400
000158    29
000159    44
000160    18    90   690   713
000161    11    12    16    18    25    50   102   250   611   612   616   701   703   704   705   711   715   717
000162    12   101   102   612
000163    30   155   708   714
000164     0
000165    14
000166     1     2     3     4     6     7   300   302   400   702   706   707   708   800
000167    13    55    74   704   716
000168    19    22    42   619   642   703   711
000169     1     2     6    19    22   302   619   706   707
000170    25    50   250   702   717
000171    16    19    22   616   619
000172    44
000173    14    44
000174    13   708   713   714
000175   715
000176    62   150
000177    22
000178     1     5    11    19    20    22   611   619   706   707   711   712   801   805
000179     4    12    62   612   702   712   714
000180    11    19    20   611   619   712
000181    29    55   701
000182    14
000183    17    71   715
000184    24    30   155   708   714
000185    12    42   612   642   702   714
000186    29
000187     1     5    11    19    22   611   619   703   706   707   801   805
000188    12    42   642   702
000189    13   704   716
000190    62   210   712
000191    62   210   712
000192    11    22    25    50   250   611   703   711   717
000193    12    42   612   642   702   711
000194    13   708   713   714
000195    20    73    74   703
000196     0
000197    11    19    22   611   619   703   711
000198     0
000199    27
000200    27    72
000201    27    72   153   712
000202    27    72   158
000203    90   690   713
000204     0
000205    27    63    72   158   714
000206     0
000207    11   157   611   711
000208    16   616
000209    12   612
000210    24    75   716
000211    13    73   704   716
000212    24    30    75   708
000213     0
000214     0
000215    44
000216    44
000217     4     6   706   707   800   804
000218    16   616
000219    29    55   150   701
000220     0
000221     1     2     3     5     6    11    20   300   302   400   611   703   705   711   712   717   800   801   804
000222    42   642
000223     2   302   800
000224     0
000225    16    18    19    22    90   616   619   690   702   715
000226    13    32
000227    12    42   612   642   702   711
000228    12    42   612   642   702   714
000229    19   619   703   705
000230    44
000231    11   611
000232     0
000233    16    18    90   616   690   702   715
000234    13    19    22   619   708   713   714
000235     0
000236    14
000237    25    50   250   717
000238    62    63    72   151   153   210   712   714
000239    62   210   712
000240   690
000241    18   701   715
000242     0
000243    90   690
000244    90   690
000245    90   690
000246    90   690
000247    90   690
000248    62   210
000249    62   210
000250    29
000251    29
000252    16    75   616   708   716
000253     0
000254    29
000255     4    12    42    62    72   210   612   642   702   712   714
000256    29    55   701
000257    13    18    90   690   708   713   715
000258    18
000259     5     6
000260     1     5    11    20   611   706   707   801   802
000261    32   715
000262    90   690
000263    20   703
000264     0
000265     2   302
000266     2   302   703   705   712   800   801   802
000267     0
000268    29
000269    29
000270    29
000271    29
000272     4     5    12    19    22   612   619   706   707
000273    13    55    73   704   716
000274    29    55   715
000275    13
000276    29
000277    19    42   619   642   703   711
000278    14
000279     1     6     7    14    24    30    44    75   706   707
000280    12    42   612   642   702   714
000281     3     5     6     7    13    19   150   300   400   619   704   706   707   716
000282    90   690
000283    18    19   619   701   715
000284    13    73   704
000285     4    12    22   612   702   714
000286    11    16    25    50   250   611   616   702   711   714   717
000287    14
000288    30   155
000289     0
000290     3    13    32   300   400   708   715
000291    12   101   102   612
000292   800
000293    16    75   616   708   716
000294     0
000295    44
000296   715
000297     3    17    27    63    71    72   300   400   708   715
000298     1     2     6   302   706   707   708   716
000299    29    55   701
000300    12    13    16    18    20    90   101   612   616   690   701   716
000301     0
000302    18    90   690   713
000303    11   157   611   702
000304   703
000305     0
000306     2   302   305   708   716
000307    12    42   612   642   702   711
000308    20   703
000309    16    75   616
000310     1     6   706   707
000311    16   616   708   716
000312    18    90   690   702   715
000313    13    18    90   690   708   713   715
000314    12    13   612   704   716
000315    12    13    16    18    90   101   102   612   616   690   704   705   711   715
000316    29    55   154   701
000317   708   716
000318    19    22   619
000319     2     7    75   302   305
000320    11    22   611   702   703   711
000321    11    22   703
000322    12    13    16    18    90   101   102   612   616   690   704   705   711   715
000323    24    75   716
000324    13    32   701   704
000325    11    22   611   703   711
000326    12    42   642   702   901
000327    13    32   701   704   715
000328    11   611   702   711
000329     3   300   400   708   715
000330    55   154
000331    11    22   611   703   711
000332    19    22   619   708   716
000333   154   704
000334    55
000335     1     2     6   302   706   707
000336    13    18    90   690   702   708   713   714   715
000337     3    32   300   400   701   704
000338     4     6    11    16    25    50   250   611   616   702   711   714   717   800
000339    18
000340    25    50   157   250   702   717
000341    22
000342     1     2     3     4     6     7    11    12    13    16    18    20    90   102   300   302   400   612   616   690   701   702   703   704   705   706   707   708   711   712   713   714   715   716   717   800   801   804
000343    11   611
000344    12    42   612   642   702   714
000345    12    42    62    72   210   642   702   712
000346    90   690
000347     0
000348    18
000349     0
000350     3   150   300   400   706   707
000351    13    73   704   716
000352     2    20   302   705
000353    11   157   611   702   711
000354    16   616
000355    11    19    22    25    50   250   611   619   702   703   705   711   717
000356    74
000357    13    55    74   704   716
000358     1     6    14    44   706   707
000359     3   300   400   706   707
000360    11    22   611   703   711
000361    11    22   611   702   703   711
000362     2    19    42   302   619   642   703   711
000363    11    42   611   642
000364    11    19    22   611   619   703   711
000365    20   703
000366    14
000367     0
000368    27    63    72   158   714
000369    13    74   704
000370    62   712
000371    14    44
000372    16   616   705
000373     1     6    14   706   707
000374    62    72   210   690   712   713   714
000375    18   701   715
000376     1     2     6   302   706   707
000377    62   210   712
000378    42   642
000379    18   701   715
000380    27    63    71    72   158   714
000381    19   619   711
000382    19    20    73    74   619   703   711
000383     2    16    75   302   305   616   708   716
000384     0
000385    19    20    73    74   619   703   711
000386    14
000387    24    30   708
000388    25   250   717
000389    25   250   717
000390    25   250   717
000391    25   250   717
000392    29
000393    11   611   702   705
000394    12    13    16    18    90   612   616   690   702   708   713   714   715
000395     1     6    14   300   302   706   707
000396     5    11    19    20    22   611   619   706   707   712
000397    18    90   690   702   715
000398    17    71   159   715
000399   701
000400   701
000401    17    27    71    72   715
000402    13   708   713   714
000403    55   154   701
000404    32    71   159
000405    62    63   210   712
000406    73    74   160
000407    73    74
000408     0
000409    18
000410    25    50   250   717
000411    90   690
000412     3   300   400   701   704
000413    13    74   704
000414    11   157   611   711
000415    11   157   611   711
000416    29    55   701
000417    16    75   616   708   716
000418   705
000419    12    42   642   702   714
000420    17    71   715
000421   703   705
000422     0
000423     5     6     7    55   701   715   801   804   805   806
000424    29
000425    14   714
000426    29
000427    29
000428    16   616   702   714
000429    25   250   717
000430    25   250   717
000431    25   717
000432    25    50   250   717
000433    25    50   250   717
000434    25    50   250   717
000435    62   210   712
000436    62   210   712
000437    16   616   703   705
000438    63    71    72   708   714   715
000439    11    22   611   703   711
000440    20   703   705   711   712   717
000441    14
000442    16   616
000443    27    63    72   714
000444    27    63    72
000445    27    63    72   714
000446    63    72   714
000447    27    63    72   714
000448    27    63    72   158   714
000449    25   250   717
000450    25   250   717
000451    11    12    42   611   612   642   702   711
000452     0
000453    24    30   155
000454    14   714
000455     3     7   300   400   706   707   803   804
000456    20   703   705
000457    20
000458    20
000459    20   703   705
000460    20   703   705
000461    20   703   705
000462    20   703   705
000463    20   703   705
000464    20   703   705
000465    29
000466    17    71   159   715
000467     0
000468    55
000469    11    19    22
000470    90   690   713
000471    90   690   713
000472    90   690   713
000473    90   690   713
000474    90   690   713
000475    90   690   713
000476   713
000477   713
000478   713
000479   713
000480   713
000481   713
000482   713
000483   713
000484   713
000485   713
000486   713
000487   713
000488   713
000489   712
000490   712
000491   616
000492     0
000493     0
000494     0
000495     0
000497     0
000498     0
000499     0
000500     0
000501     0
000502     1     2     6   302   706   707   708   716
000503     7
000504     0
000505   101
000506   154
000507   154
000508   153
000509   153
000510     0
000511   155
000512     0
000513   156
000514   156
000515     0
000516   158
000517   158
000518   158
000519   159
000520   159
000521   159
000522     0
000523   152
000524   152
000525   160
000526     0
000527    55
000530     0
000533     0
000534   101
000535   101
000536     0
000547     0
000556     0
000567     0
000568     0
000569     0
000570   155
000571   157
000572     0
000573     0
000574     0
000575   151   153
000576     0
000577     0
000578     0
000579     0
000580     0
000581     0
000582     0
000583     0
000584     7
000585    75
000586    75
000587    75
000588    75
000589    75
000590     0
000591    20
000592    75
000593   708   716
000594   714
000595   702   714
000596   714
000597   701   704
000598   704
000599   704
000600   704
000601   705
000602   705
000603   701
000604   701   715
000605   715
000606    19   619   703   705
000607   706   707
000608    91    92    93    94    95    96   161
000609    91
000610     0
000611   702   714
000612     0
000613     0
000614     0
000615   900
000616   901
000617   902
000618    92
000619    93
000620    94
000621    95
000622    96
000623     0
000624     0
000625     0
000626    25   250   717
000627     0
000628     0
000629   161
000630   713
000631   713
000633   713
000634   713
000635   713
000636   713
000637    63
000638    62
000639     0
